1 2cacc006 0
1 494ee009 0
1 724c800e 0
1 40d30006 0
1 140fe01f 0
1 0aec6006 0
1 29126002 0
1 43bdc01a 0
1 667ca008 0
1 72d84000 0
1 2aae8004 0
1 4d268018 0
1 7e12c1bc 0
1 108e81a4 0
1 0b6621ba 0
1 1db481a3 0
1 6c9081b0 0
1 2ccbc1bc 0
1 208181bc 0
1 6be181a9 0
1 3635c1a8 0
1 5d0c01bd 0
1 068961aa 0
1 7a7121b6 0
1 200831ce 0
1 4928f1cf 0
1 5a8151da 0
1 781d71cd 0
1 1da431c6 0
1 092e91d3 0
1 4247b1c3 0
1 647311d3 0
1 7aa3f1c7 0
1 4c3db1dc 0
1 7e2ef1d4 0
1 324b51d2 0
1 6c2a03f2 0
1 5ed323f2 0
1 6bbae3f9 0
1 0d0e23f1 0
1 0543c3f5 0
1 040f83e3 0
1 25f4a3e2 0
1 044443f1 0
1 2990e3fa 0
1 30d743fe 0
1 796ae3e6 0
1 083d83f7 0
